-8.727628063243595413e-01 -6.991975123002567294e-01
-3.927300486033561411e-01 2.698833326678653499e-01
1.336357046578793561e-01 -1.288911944409105503e+00
4.747839176149433460e-02 -1.911057676292662599e-01
-9.491039201936145309e-02 3.739800311878594408e-01
-2.265411284344362175e-01 2.231601951670648676e-01
2.265236592381011937e-01 4.321718513905068448e-01
-6.405692698932585749e-01 6.997449756537894860e-02
1.792922383470571202e+00 -9.445300080313538960e-01
3.191840077101820161e-01 6.056809041082131806e-01
5.336602323800723052e-02 -8.001531831177396970e-02
-6.635661741293801263e-01 2.709676246241429776e-01
-1.624817506259810806e-01 5.242002195081637561e-01
1.667284349968613522e-01 -7.609538177349169930e-01
-4.002126048103680778e-01 3.577402974129455931e-02
5.632481421926231052e-02 1.143985583338667372e-01
4.262513094835934657e-02 -9.392964503531250342e-01
-5.830483979872497224e-01 1.684370552384720221e-01
8.011949275398443371e-01 1.791591906703381976e-01
2.672993189912574175e-01 2.321613129093201555e-01
1.368201512587350344e+00 1.190969742622397937e-01
2.580687559976812540e-01 2.629451506560895879e-01
-1.907689856029692044e-01 6.921709518576064646e-01
-1.177145102825029932e+00 -6.954417344215703123e-01
-9.478594477414842290e-02 1.135097566654526435e+00
3.910203615791952303e-01 -1.208296359450232310e-01
-5.478668526070338274e-01 -4.673610856088035170e-01
-4.861564690210928852e-01 6.037136471093725032e-02
-2.840715335105573058e-01 5.407681501115362277e-01
-8.245058968424646695e-01 2.004591247987684011e-01
2.511031269868002624e-01 3.941001426125779750e-01
-9.350798870645793404e-01 -9.005630951357571634e-01
6.180748171882856079e-01 2.721706555878162237e-01
9.231357000436776206e-01 1.544518125493238025e-01
6.069167826551382650e-01 7.936888527649023362e-02
1.868846247308159764e-02 -4.976456066388403321e-01
2.147437023539511547e-01 -3.052040487667151414e-01
3.822756016314222682e-01 -6.195505055639733971e-01
1.199432994910836353e-01 -1.063157728809149410e-01
-6.855114873828205280e-01 -2.231670558889173872e-01
6.998563878801043747e-02 2.904467493088526142e-01
-3.693361315980888127e-01 -4.199654102558148527e-01
-5.548729230052714539e-02 3.103311191822349380e-01
2.622875265511184217e-01 4.511299611921653629e-01
9.967061355373856013e-02 7.292738799703982755e-01
3.373273563413634601e-01 4.865742647201928284e-01
3.432789812525475215e-01 -3.377508929587230702e-01
-4.892216839466049794e-01 3.546911085928742269e-01
-2.610113096609204542e-01 2.543065758334290827e-01
2.601776332314550411e-01 5.766206249588993193e-01
-1.786100109830055238e-01 -8.461390403237902813e-01
2.907449830402366597e-01 8.362513110904032376e-02
3.510155149152767717e-01 -2.000751287008432355e-01
-3.082827019299703708e-01 6.028517643236017687e-01
1.087822838313735468e-01 -2.722072177819870875e-01
-3.563290411286548220e-01 -9.144796701243833592e-01
-5.014623272164969725e-01 7.366201460417290958e-01
-5.038448094480535433e-01 8.733882672250697921e-01
-4.618245462778794996e-01 1.347314067190145404e-01
5.402073195822363338e-01 1.086352848760955281e-01
1.513049590841293535e+00 1.777872347097070316e-01
1.254963844547332563e+00 6.797431148219237329e-01
1.164776054685420642e-01 2.099930113344859461e-01
-3.877084014350110630e-01 -1.583783112937832138e-01
-1.231845319205346484e-01 -5.804201201343203165e-01
-1.158837552530182918e-01 -1.381024732387354792e-01
6.653288479917150548e-03 -1.546379093687760276e-01
-2.897285210910294229e-01 1.078509752905561614e+00
3.030582233426885597e-01 -1.710472034680580178e-01
2.937899058773673078e-01 -3.810091813404342109e-01
3.007480119495555687e-02 1.175675196582019882e-01
-1.789998107873824740e+00 -1.303576482812118242e-01
-2.074121715762870521e-01 3.091404275469070706e-01
-2.980365333636818548e-01 -7.029454246398825212e-01
-1.455459501798559430e-01 5.350603987053906829e-01
1.213971456237137314e-01 -1.133425068790062384e-01
6.081077830909903219e-03 -2.049550847792490638e-01
-1.685352100601580083e-01 2.746377057825603596e-01
-5.905475250718211777e-01 -3.275565940164733569e-01
3.328665880234111807e-01 5.084493999636733319e-01
-3.810578073657403531e-01 -8.359443654708121896e-01
-1.807984091934566329e-01 -4.631074849357605383e-01
-6.031622046168597651e-01 9.835810684489401309e-03
-6.535084863344499118e-01 -4.877042139900650830e-01
-4.787264208078542138e-01 2.710892236703604796e-01
1.504981370362673820e-01 -6.419439692124994101e-01
3.961262787347565872e-01 -7.613762270367997465e-01
-2.271623005170706477e-01 1.022060700355787555e+00
-5.739836693922782951e-01 1.409174631891444351e-03
9.470060584010999705e-01 1.634605022661634599e-01
-7.580977438449423289e-01 1.343011231208141310e-01
-1.632520795642895817e-02 3.761451935095225796e-01
1.150068450980039181e+00 -2.748860131310701393e-01
-9.061312908311016864e-03 4.572518232594821597e-01
-2.237725569873078857e-01 3.067705388598188435e-02
-5.626994113272004716e-01 8.430643282864305754e-02
-6.263979282044895847e-02 -3.392250570184068281e-01
5.166781036281267170e-01 2.410772054484445204e-01
4.768654267697843702e-02 -2.726381907751121991e-01
-4.409331233527216676e-01 1.898900551267981573e-01
